Unit:E(TeV) Flux(TeV^-1 cm^-2 s^-1) 
Persues
E     F        F+ebl correct
12.59 2.98e-15 8.25e-15
19.95 4.65e-16 3.09e-15
31.62 4.67e-17 2.08e-15
50.12 2.62e-17 1.68e-14
79.43 8.93e-18 6.68e-14
125.89 2.55e-18 6.92e-13
199.53 2.55e-18 9.76e-10

Virgo
12.59 6.34e-15 8.21e-15
19.95 1.73e-15 2.96e-15
31.62 3.61e-16 1.18e-15
50.12 9.75e-17 1.11e-15
79.43 1.89e-17 1.50e-15
125.89 5.16e-18 5.39e-15
199.53 1.63e-18 4.88e-14

Coma
12.59 2.60e-15 9.00e-15
19.95 7.85e-16 7.51e-15
31.62 7.60e-17 6.54e-15
50.12 9.56e-18 1.34e-14
79.43 3.65e-18 5.55e-14
125.89 1.21e-18 8.37e-13
199.53 4.09e-19 1.66e-08
