ra/D:ra_err/D:dec/D:dec_err/D:f0/D:f0_err/D:index/D:index_err/D:sigma/D:sigma_err/D:glo/D:gla/D:TS_src/D:TS_ext/D
273.6853 0.1121 -17.3324 0.1111 2.64607 0.24589 2.83304 0.05800 0.71548 0.07019 13.3874 -0.0224 119.15 68.05
272.6614 0.0844 -19.3151 0.0836 0.34578 0.06066 2.23691 0.06394 0.34592 0.05599 11.1815 -0.1213 55.34 11.79
276.5512 0.0319 -13.0414 0.0328 0.82689 0.05433 2.60808 0.03469 0.23966 0.02530 18.4752 -0.4370 231.04 27.04
277.7504 0.0653 -10.1231 0.0657 1.78301 0.10633 2.70817 0.03805 0.77951 0.03881 21.6053 -0.1217 376.48 210.00
276.2865 0.0758 -14.3163 0.0767 3.92082 0.22951 2.98115 0.04566 0.81242 0.04684 17.2276 -0.8045 210.89 111.50
273.3528 0.0774 -12.7287 0.0844 0.24426 0.04404 2.61090 0.08259 0.22713 0.05350 17.2793 2.4594 36.82 6.38
278.6213 0.0789 -8.5299 0.0911 0.59941 0.10863 3.08358 0.13301 0.39489 0.06812 23.4153 -0.1483 97.11 30.51
276.5452 0.0222 -13.7311 0.0219 1.04151 0.05610 2.55306 0.02821 0.16834 0.01909 17.8623 -0.7534 289.35 20.75
280.3326 0.0374 -5.3249 0.0385 1.52361 0.08381 2.88255 0.03824 0.59567 0.03110 27.0424 -0.1861 522.52 247.93
281.0115 0.0210 -3.5004 0.0229 0.90141 0.04309 2.57986 0.02791 0.39647 0.01649 28.9745 0.0462 1165.04 409.45
282.7366 0.0331 -0.0715 0.0330 0.53035 0.03216 2.49018 0.03613 0.45582 0.02187 32.8123 0.0768 810.39 374.16
282.0583 0.0374 -1.8859 0.0422 0.70527 0.04033 2.64990 0.03961 0.50900 0.02621 30.8882 -0.1472 575.76 289.22
279.3947 0.0201 -6.9024 0.0223 1.55386 0.05424 2.91888 0.03234 0.34243 0.01491 25.2129 -0.0804 1048.51 226.18
279.8491 0.0292 -5.9004 0.0279 0.46214 0.02901 2.64599 0.04331 0.22075 0.01964 26.3104 -0.0220 198.18 39.80
283.7330 0.0800 1.3983 0.0763 0.46715 0.06984 2.74232 0.06226 0.63985 0.06491 34.5747 -0.1396 243.33 149.03
286.1608 0.2229 6.1837 0.3184 2.17169 0.20953 2.65723 0.05916 3.00255 0.33373 39.9379 -0.1052 330.54 327.73
288.2194 0.0314 10.2457 0.0338 0.30660 0.02409 2.67557 0.05960 0.36200 0.02913 44.4816 -0.0403 587.81 214.88
284.5030 0.0320 1.9784 0.0435 0.16806 0.04252 2.46412 0.10757 0.18899 0.03274 35.4421 -0.5597 187.06 34.47
287.0509 0.0180 6.2591 0.0215 0.79721 0.05357 2.41980 0.03135 0.43533 0.01928 40.4116 -0.8564 2066.10 879.26
284.3705 0.0282 2.7527 0.0442 0.40421 0.05736 2.93318 0.07053 0.24333 0.03520 36.0705 -0.0884 360.03 52.17
284.7896 0.0888 3.7005 0.1395 0.28414 0.06286 2.62853 0.10475 0.52112 0.08118 37.1048 -0.0277 115.11 64.76
286.9653 0.0927 8.4405 0.1254 0.13408 0.02921 2.62116 0.14244 0.43337 0.07893 42.3089 0.2234 52.27 14.64
287.8810 0.1549 5.0663 0.0750 0.08615 0.02884 2.54416 0.14994 0.29035 0.08619 39.7336 -2.1393 36.27 13.06
285.5798 0.0395 6.8053 0.0392 0.04516 0.01297 2.38671 0.17567 0.05857 0.05501 40.2258 0.6927 46.22 .31
286.5554 0.0562 7.2034 0.0845 0.10068 0.02520 2.72178 0.14981 0.21431 0.05335 41.0237 0.0149 57.49 8.09
292.3419 0.0413 18.7748 0.0349 0.24814 0.01095 2.37282 0.04248 0.48975 0.02155 53.8834 0.4549 416.64 170.93
290.6979 0.0264 14.0642 0.0269 0.13667 0.01018 2.61607 0.06993 0.18333 0.02088 48.9896 -0.3971 257.28 31.92
288.8123 0.0492 11.7437 0.0552 0.10948 0.01188 2.33636 0.06814 0.33210 0.04092 46.0785 0.1398 152.99 34.95
291.0881 0.1555 16.1505 0.1761 0.44358 0.04120 2.53711 0.08270 1.44778 0.10641 51.0062 0.2570 169.01 128.25
292.1401 0.0289 17.7795 0.0255 0.07916 0.00527 2.22054 0.05195 0.17051 0.01919 52.9177 0.1469 196.81 26.18
296.3598 0.1645 24.4040 0.1509 0.42683 0.05078 2.55826 0.08204 1.29306 0.10898 60.6197 -0.0463 263.66 207.94
294.3006 0.2480 20.9955 0.3299 0.20842 0.05845 2.42805 0.15650 1.24798 0.23162 56.7180 -0.0826 65.33 49.91
304.6092 0.0140 36.7467 0.0109 0.21904 0.00626 1.94218 0.01916 0.26166 0.00867 74.8352 0.4899 1606.58 380.76
301.3027 0.0780 34.2533 0.0593 0.35324 0.02136 2.58375 0.05205 0.73659 0.03570 71.2734 1.3710 390.28 206.15
303.0376 0.6481 34.6997 0.5697 1.45430 0.09354 2.64693 0.06931 6.07257 0.47090 72.4244 0.4118 103.71 101.88
298.6315 0.0451 32.8841 0.0358 0.06211 0.00612 2.45073 0.08947 0.17387 0.02541 68.9382 2.5462 143.71 21.66
299.2394 0.1302 29.3541 0.1542 0.14657 0.01561 2.03073 0.06474 0.99207 0.07468 66.1867 0.2732 182.52 171.95
300.6379 0.0387 32.7449 0.0379 0.03391 0.00579 2.20922 0.11227 0.10092 0.03321 69.7013 1.0359 73.34 2.21
298.0450 0.0299 29.3827 0.0293 0.05531 0.00546 2.51585 0.09518 0.08129 0.02638 65.6739 1.1795 104.81 2.09
305.1369 0.1733 36.6338 0.1256 0.35855 0.04334 2.62466 0.08959 1.27107 0.10998 74.9811 0.0770 88.41 83.97
301.3696 0.0633 30.9878 0.0531 0.02887 0.00454 1.98754 0.09807 0.21050 0.03798 68.5467 -0.4271 60.57 15.41
298.5037 0.0332 28.5714 0.0267 0.03363 0.00400 2.22433 0.08869 0.04799 0.03932 65.1838 0.4186 75.30 .45
303.4187 0.2943 33.0779 0.1221 0.09325 0.02908 2.70759 0.12600 0.67700 0.13780 71.2456 -0.7461 25.84 12.33
307.8542 0.0170 41.5969 0.0156 0.30661 0.01230 2.29348 0.02830 0.26667 0.00982 80.2480 1.2318 1524.74 291.99
307.5489 0.1954 41.5790 0.1678 1.51514 0.13625 2.60373 0.04413 2.43805 0.12086 80.0989 1.4057 521.64 502.62
305.0264 0.0413 40.5721 0.0308 0.23596 0.01654 2.90998 0.06447 0.37937 0.02727 78.1789 2.3788 460.06 143.89
305.2554 0.0901 36.9070 0.0264 0.05468 0.01610 1.78330 0.17629 0.14561 0.01947 75.2599 0.1539 359.51 47.26
307.9054 0.0807 40.8818 0.0767 0.07708 0.01249 2.80705 0.15725 0.25362 0.04742 79.6939 0.7781 57.84 9.84
316.8328 0.0536 51.9521 0.0385 0.00834 0.00179 1.43860 0.08280 0.14104 0.02892 92.1467 3.0134 80.67 9.04
330.3822 0.1431 56.7335 0.0799 0.03759 0.02383 1.77297 0.28407 0.43014 0.07173 101.1850 1.2147 75.18 33.00
323.5994 1.1932 57.0637 0.7141 1.23954 0.34224 2.67879 0.16870 4.37394 0.70871 98.5460 3.8357 64.05 55.27
336.7884 0.0392 61.0230 0.0180 0.23719 0.01622 2.26222 0.03634 0.24748 0.01607 106.3368 2.8888 574.39 109.84
337.2631 0.2895 59.4551 0.1301 1.48518 0.09929 2.66530 0.04762 1.97760 0.09631 105.7199 1.4281 231.78 194.79
350.7954 0.1112 58.9040 0.0531 0.11050 0.01683 3.17975 0.15982 0.15656 0.05359 111.7379 -2.0362 50.18 3.02
339.3956 0.1392 58.9226 0.0583 0.19075 0.02563 2.38658 0.07099 0.50529 0.04115 106.3944 0.4173 110.24 61.50
13.7814 0.1361 63.9613 0.0600 0.14471 0.04070 2.35243 0.13342 0.33284 0.07026 123.3367 1.0924 105.54 18.59
1.4752 0.1117 73.1483 0.0413 0.50128 0.11091 2.73587 0.10775 0.13664 0.05157 119.5948 10.5723 141.23 2.85
166.0725 0.0063 38.1790 0.0052 0.36803 0.00960 3.40677 0.02588 0.00018 0.02509 179.9229 65.0101 5342.72 .06
185.05   0.0353 29.25   0.0368 0.03441 0.00571 2.67197 0.16900 0.00000 0.05046 194.0702 82.7422 49.74 0
184.9837 0.0353 29.2538 0.0368 0.03441 0.00571 2.67197 0.16900 0.00000 0.05046 194.0702 82.7422 49.74 0 
187.7528 0.0932 12.4334 0.1024 0.05048 0.01442 2.41725 0.23082 0.28877 0.07469 283.8942 74.5452 31.94 3.22
253.4338 0.0065 39.7310 0.0053 0.37683 0.00752 2.93561 0.02485 0.00011 0.02672 63.5597 38.8823 4128.66 -.01
261.8865 0.0622 50.2775 0.0394 0.04867 0.00770 3.08589 0.21037 0.00000 0.04888 77.1287 33.6622 43.87 .03
356.7020 0.0803 51.6425 0.0402 0.05671 0.00857 3.26274 0.17214 0.00001 0.09908 112.8340 -9.9576 47.90 .08
41.5183 0.3277 60.4880 0.1562 0.19560 0.05103 2.51903 0.15956 0.70816 0.10518 136.5983 0.6943 52.86 20.22
75.0061 0.1504 44.9165 0.1153 0.06901 0.01617 2.52565 0.19577 0.40457 0.07465 161.7120 1.5763 42.82 13.04
83.3805 0.0777 35.4796 0.0734 0.04330 0.01101 2.37212 0.20894 0.22402 0.08025 173.0991 1.3172 50.54 2.19
95.6699 0.1212 37.9334 0.1203 0.03929 0.01725 1.81946 0.21857 0.50057 0.08867 175.8176 11.0965 59.92 28.86
83.6234 0.0016 22.0116 0.0015 2.11396 0.01127 2.69466 0.00774 0.00000 0.02396 184.5551 -5.7935 73596.53 .11
86.0708 0.2203 23.1879 0.1771 0.20833 0.05437 1.94819 0.12955 1.44670 0.17992 184.7507 -3.2551 137.33 119.91 
55.3402 0.1251 53.0504 0.0532 0.02866 0.01317 1.70443 0.19425 0.33275 0.05347 146.8946 -1.7275 93.78 39.61
67.2294 0.2516 55.5319 0.1483 0.47349 0.06517 2.66419 0.09783 1.17781 0.11503 150.4206 4.7328 152.90 111.09
59.6816 0.0974 54.2104 0.0588 0.01848 0.01216 1.74112 0.27717 0.21629 0.05041 148.1778 0.7871 59.28 16.28
100.2770 0.4336 15.3280 0.3226 3.16993 0.22222 2.20641 0.04486 5.96239 0.30171 198.1028 4.6956 760.73 744.14
94.3500 0.0811 22.5681 0.0724 0.19515 0.02712 2.91665 0.14208 0.58982 0.07559 189.0756 3.0604 252.76 105.04
98.5144 0.1217 17.7156 0.1073 0.15306 0.06452 1.64628 0.14721 1.16196 0.16451 195.1995 4.2737 197.78 140.68
105.3158 0.2030 14.5473 0.1549 0.22682 0.07431 1.98307 0.12108 1.30080 0.20739 200.9842 8.7112 93.16 64.88
