# energy(TeV)  energy_min  energy_max  flux68(TeV cm-2 s-1)  flux68_error_plus  flux68_error_minus  flux95_uplimit  significance  TS  TS_up-TS  TS_low-TS
# index: 0 dust2D
1.000000e+01 3.981072e+00 2.511886e+01 2.085638e-08     NaN          NaN      2.212666e-08    -7.45   -55.57    -4.00     0.00
3.981072e+01 2.511886e+01 6.309573e+01 8.308482e-09     NaN          NaN      1.725909e-08     1.89     3.58    -4.00    -3.51
1.000000e+02 6.309573e+01 1.584893e+02 2.502234e-12     NaN          NaN      2.085638e-08    -0.01    -0.00    -3.03     0.00
2.511886e+02 1.584893e+02 3.981072e+02 5.890594e-14     NaN          NaN      5.238885e-10    -0.00    -0.00    -0.02     0.00
6.309573e+02 3.981072e+02 1.000000e+03 1.315949e-11     NaN          NaN      1.315949e-11     0.02     0.00     0.00    -0.00
1.584893e+03 1.000000e+03 2.511886e+03 3.592727e-17     NaN          NaN      3.305513e-13    -0.00    -0.00    -0.00     0.00


