# energy(TeV)  energy_min  energy_max  flux68(TeV cm-2 s-1)  flux68_error_plus  flux68_error_minus  flux95_uplimit  significance  TS  TS_up-TS  TS_low-TS
# index: 0 dust2D
1.000000e+01 3.981072e+00 2.511886e+01 4.515922e-13     NaN          NaN      9.324113e-12    -0.45    -0.20    -4.00     0.00
3.981072e+01 2.511886e+01 6.309573e+01 2.696206e-11 1.694444e-11 3.702641e-11     NaN          2.70     7.31    -1.00    -1.00
1.000000e+02 6.309573e+01 1.584893e+02 6.448146e-12     NaN          NaN      1.370475e-11     1.82     3.33    -4.00    -3.23
2.511886e+02 1.584893e+02 3.981072e+02 6.417818e-12 4.556584e-12 8.358342e-12     NaN          3.66    13.37    -1.00    -1.00
6.309573e+02 3.981072e+02 1.000000e+03 1.924318e-12     NaN          NaN      5.187992e-12     1.41     1.99    -4.00    -1.92
1.584893e+03 1.000000e+03 2.511886e+03 2.118012e-12     NaN          NaN      6.016477e-12     1.65     2.72    -4.00    -2.67


