# energy(TeV)  energy_min  energy_max  flux68(TeV cm-2 s-1)  flux68_error_plus  flux68_error_minus  flux95_uplimit  significance  TS  TS_up-TS  TS_low-TS
# index: 0 dust2D
1.000000e+01 3.981072e+00 2.511886e+01 1.466120e-12     NaN          NaN      3.032542e-12    -1.93    -3.74    -4.00     0.00
3.981072e+01 2.511886e+01 6.309573e+01 3.671893e-11 2.748793e-11 4.593667e-11     NaN          4.01    16.09    -1.00    -1.00
1.000000e+02 6.309573e+01 1.584893e+02 1.338410e-11 9.992403e-12 1.681515e-11     NaN          4.02    16.14    -1.00    -1.00
2.511886e+02 1.584893e+02 3.981072e+02 6.425258e-12 4.717135e-12 8.199357e-12     NaN          3.99    15.95    -1.00    -1.00
6.309573e+02 3.981072e+02 1.000000e+03 1.086899e-12     NaN          NaN      3.864580e-12     0.91     0.83    -4.00    -0.80
1.584893e+03 1.000000e+03 2.511886e+03 9.433049e-13     NaN          NaN      4.039166e-12     0.85     0.73    -4.00    -0.71


