# energy(TeV)  energy_min  energy_max  flux68(TeV cm-2 s-1)  flux68_error_plus  flux68_error_minus  flux95_uplimit  significance  TS  TS_up-TS  TS_low-TS
# index: 0 dust2D
1.000000e+01 3.981072e+00 2.511886e+01 1.873597e-12     NaN          NaN      2.095701e-12    -5.81   -33.75    -4.00     0.00
3.981072e+01 2.511886e+01 6.309573e+01 3.749357e-11 3.146867e-11 4.346492e-11     NaN          6.32    39.93    -1.00    -1.00
1.000000e+02 6.309573e+01 1.584893e+02 1.094275e-11 8.483255e-12 1.342816e-11     NaN          4.53    20.57    -1.00    -1.00
2.511886e+02 1.584893e+02 3.981072e+02 4.095445e-12 2.821305e-12 5.415742e-12     NaN          3.36    11.27    -1.00    -1.00
6.309573e+02 3.981072e+02 1.000000e+03 9.950007e-13     NaN          NaN      3.099157e-12     1.12     1.25    -4.00    -1.22
1.584893e+03 1.000000e+03 2.511886e+03 2.225905e-13     NaN          NaN      4.075067e-12     0.28     0.08   -10.23    -0.08


