# energy(TeV)  energy_min  energy_max  flux68(TeV cm-2 s-1)  flux68_error_plus  flux68_error_minus  flux95_uplimit  significance  TS  TS_up-TS  TS_low-TS
# index: 0 dust2D
1.000000e+01 3.981072e+00 2.511886e+01 2.422878e-12     NaN          NaN      4.874625e-12    -1.98    -3.92    -4.00     0.00
3.981072e+01 2.511886e+01 6.309573e+01 3.691651e-11 3.185951e-11 4.196955e-11     NaN          7.39    54.58    -1.00    -1.00
1.000000e+02 6.309573e+01 1.584893e+02 1.039491e-11 8.138978e-12 1.263419e-11     NaN          4.72    22.30    -1.00    -1.00
2.511886e+02 1.584893e+02 3.981072e+02 3.718913e-12 2.473279e-12 5.004659e-12     NaN          3.09     9.54    -1.00    -1.00
6.309573e+02 3.981072e+02 1.000000e+03 7.682407e-13     NaN          NaN      2.743535e-12     0.89     0.80    -4.00    -0.78
1.584893e+03 1.000000e+03 2.511886e+03 1.233424e-12     NaN          NaN      3.528671e-12     1.60     2.56    -4.00    -2.54


