# energy(TeV)  energy_min  energy_max  flux68(TeV cm-2 s-1)  flux68_error_plus  flux68_error_minus  flux95_uplimit  significance  TS  TS_up-TS  TS_low-TS
# index: 0 dust2D
1.000000e+01 3.981072e+00 2.511886e+01 8.788870e-13     NaN          NaN      3.583753e-11    -0.20    -0.04    -4.00     0.00
3.981072e+01 2.511886e+01 6.309573e+01 2.587669e-11 1.913467e-11 3.264340e-11     NaN          3.86    14.89    -1.00    -1.00
1.000000e+02 6.309573e+01 1.584893e+02 6.945692e-12 3.860874e-12 1.002060e-11     NaN          2.28     5.18    -1.00    -1.00
2.511886e+02 1.584893e+02 3.981072e+02 3.410877e-12     NaN          NaN      7.180883e-12     1.94     3.76    -4.00    -3.67
6.309573e+02 3.981072e+02 1.000000e+03 3.745826e-12 2.225492e-12 5.403735e-12     NaN          2.66     7.08    -1.00    -1.00
1.584893e+03 1.000000e+03 2.511886e+03 6.244416e-15     NaN          NaN      1.953409e-12    -0.09    -0.01    -4.00     0.00


