# energy(TeV)  energy_min  energy_max  flux68(TeV cm-2 s-1)  flux68_error_plus  flux68_error_minus  flux95_uplimit  significance  TS  TS_up-TS  TS_low-TS
# index: 0 dust2D
1.000000e+01 3.981072e+00 2.511886e+01 3.108125e-12     NaN          NaN      8.740339e-12    -1.48    -2.18    -4.00     0.00
3.981072e+01 2.511886e+01 6.309573e+01 4.245572e-11 3.465882e-11 5.033022e-11     NaN          5.58    31.10    -1.00    -1.00
1.000000e+02 6.309573e+01 1.584893e+02 1.688356e-11 1.462396e-11 1.917732e-11     NaN          7.91    62.60    -1.00    -1.00
2.511886e+02 1.584893e+02 3.981072e+02 3.726231e-12 2.586819e-12 4.917604e-12     NaN          3.53    12.47    -1.00    -1.00
6.309573e+02 3.981072e+02 1.000000e+03 1.180020e-12     NaN          NaN      3.069741e-12     1.71     2.91    -4.00    -2.84
1.584893e+03 1.000000e+03 2.511886e+03 4.564342e-13     NaN          NaN      2.862793e-12     0.52     0.27    -4.00    -0.27


