# energy(TeV)  energy_min  energy_max  flux68(TeV cm-2 s-1)  flux68_error_plus  flux68_error_minus  flux95_uplimit  significance  TS  TS_up-TS  TS_low-TS
# index: 0 dust2D
1.000000e+01 3.981072e+00 2.511886e+01 3.847178e-13     NaN          NaN      5.573783e-12    -0.52    -0.27    -4.00     0.00
3.981072e+01 2.511886e+01 6.309573e+01 1.925296e-11 1.284844e-11 2.568349e-11     NaN          3.02     9.11    -1.00    -1.00
1.000000e+02 6.309573e+01 1.584893e+02 6.687721e-12 3.711825e-12 9.698641e-12     NaN          2.26     5.13    -1.00    -1.00
2.511886e+02 1.584893e+02 3.981072e+02 6.943919e-12 5.067994e-12 8.884872e-12     NaN          3.90    15.20    -1.00    -1.00
6.309573e+02 3.981072e+02 1.000000e+03 2.346563e-12     NaN          NaN      5.713197e-12     1.65     2.73    -4.00    -2.65
1.584893e+03 1.000000e+03 2.511886e+03 2.758927e-12 1.277406e-12 4.580012e-12     NaN          2.11     4.46    -1.00    -1.00


