# energy(TeV)  energy_min  energy_max  flux68(TeV cm-2 s-1)  flux68_error_plus  flux68_error_minus  flux95_uplimit  significance  TS  TS_up-TS  TS_low-TS
# index: 0 dust2D
1.000000e+01 3.981072e+00 2.511886e+01 1.297614e-12     NaN          NaN      2.479511e-12    -2.01    -4.04    -4.00     0.00
3.981072e+01 2.511886e+01 6.309573e+01 2.301443e-11 1.735679e-11 2.869120e-11     NaN          4.09    16.73    -1.00    -1.00
1.000000e+02 6.309573e+01 1.584893e+02 5.070186e-12     NaN          NaN      1.033628e-11     1.95     3.81    -4.00    -3.71
2.511886e+02 1.584893e+02 3.981072e+02 3.037540e-12     NaN          NaN      6.326957e-12     1.99     3.96    -4.00    -3.90
6.309573e+02 3.981072e+02 1.000000e+03 1.722249e-12     NaN          NaN      4.610860e-12     1.40     1.95    -4.00    -1.93
1.584893e+03 1.000000e+03 2.511886e+03 1.993035e-15     NaN          NaN      2.140967e-12    -0.04    -0.00    -4.00     0.00


