# energy(TeV)  energy_min  energy_max  flux68(TeV cm-2 s-1)  flux68_error_plus  flux68_error_minus  flux95_uplimit  significance  TS  TS_up-TS  TS_low-TS
# index: 0 dust2D
1.000000e+01 3.981072e+00 2.511886e+01 4.734179e-12     NaN          NaN      5.454845e-12    -5.12   -26.18    -4.00    -0.00
3.981072e+01 2.511886e+01 6.309573e+01 4.556022e-11 4.076154e-11 5.037226e-11     NaN          9.63    92.81    -1.00    -1.00
1.000000e+02 6.309573e+01 1.584893e+02 9.917023e-12 7.701441e-12 1.215526e-11     NaN          4.56    20.79    -1.00    -1.00
2.511886e+02 1.584893e+02 3.981072e+02 1.420006e-12     NaN          NaN      4.004297e-12     1.16     1.34    -4.00    -1.30
6.309573e+02 3.981072e+02 1.000000e+03 4.170209e-15     NaN          NaN      1.277975e-12    -0.10    -0.01    -4.00     0.00
1.584893e+03 1.000000e+03 2.511886e+03 1.382646e-12     NaN          NaN      4.144593e-12     1.47     2.17    -4.00    -2.16


