# energy(TeV)  energy_min  energy_max  flux68(TeV cm-2 s-1)  flux68_error_plus  flux68_error_minus  flux95_uplimit  significance  TS  TS_up-TS  TS_low-TS
# index: 0 dust2D
1.000000e+01 3.981072e+00 2.511886e+01 3.234500e-12     NaN          NaN      3.787462e-12    -4.83   -23.37    -4.00     0.00
3.981072e+01 2.511886e+01 6.309573e+01 3.141216e-11 2.386997e-11 3.897747e-11     NaN          4.19    17.53    -1.00    -1.00
1.000000e+02 6.309573e+01 1.584893e+02 7.573360e-12 4.179853e-12 1.100164e-11     NaN          2.25     5.05    -1.00    -1.00
2.511886e+02 1.584893e+02 3.981072e+02 1.192812e-14     NaN          NaN      1.240812e-12    -0.19    -0.04    -4.00    -0.00
6.309573e+02 3.981072e+02 1.000000e+03 1.617144e-12     NaN          NaN      4.957236e-12     1.13     1.27    -4.00    -1.27
1.584893e+03 1.000000e+03 2.511886e+03 1.828902e-13     NaN          NaN      4.612183e-11     0.15     0.02  -142.67    -0.02


