# energy(TeV)  energy_min  energy_max  flux68(TeV cm-2 s-1)  flux68_error_plus  flux68_error_minus  flux95_uplimit  significance  TS  TS_up-TS  TS_low-TS
# index: 0 dust2D
1.000000e+01 3.981072e+00 2.511886e+01 3.551335e-13     NaN          NaN      1.338980e-11    -0.32    -0.10    -4.00     0.00
3.981072e+01 2.511886e+01 6.309573e+01 1.552673e-11     NaN          NaN      3.336708e-11     1.76     3.08    -4.00    -3.02
1.000000e+02 6.309573e+01 1.584893e+02 7.114398e-12     NaN          NaN      1.471705e-11     1.93     3.72    -4.00    -3.62
2.511886e+02 1.584893e+02 3.981072e+02 7.430157e-12 5.252573e-12 9.705063e-12     NaN          3.63    13.15    -1.00    -1.00
6.309573e+02 3.981072e+02 1.000000e+03 2.842010e-12     NaN          NaN      6.847506e-12     1.75     3.07    -4.00    -2.99
1.584893e+03 1.000000e+03 2.511886e+03 1.480166e-12     NaN          NaN      5.636167e-12     1.11     1.24    -4.00    -1.20


