# energy(TeV)  energy_min  energy_max  flux68(TeV cm-2 s-1)  flux68_error_plus  flux68_error_minus  flux95_uplimit  significance  TS  TS_up-TS  TS_low-TS
# index: 0 dust2D
1.000000e+01 3.981072e+00 2.511886e+01 1.004070e-10     NaN          NaN      2.469434e-10     1.35     1.82    -4.00    -1.77
3.981072e+01 2.511886e+01 6.309573e+01 2.385713e-11     NaN          NaN      5.954912e-11     1.35     1.83    -4.00    -1.77
1.000000e+02 6.309573e+01 1.584893e+02 2.113950e-11 1.539361e-11 2.697673e-11     NaN          3.77    14.19    -1.00    -1.00
2.511886e+02 1.584893e+02 3.981072e+02 4.622493e-12     NaN          NaN      1.058274e-11     1.70     2.89    -4.00    -2.82
6.309573e+02 3.981072e+02 1.000000e+03 2.076507e-14     NaN          NaN      3.110430e-12    -0.13    -0.02    -4.00     0.00
1.584893e+03 1.000000e+03 2.511886e+03 1.423934e-12     NaN          NaN      6.849141e-12     0.82     0.68    -4.00    -0.67


