# energy(TeV)  energy_min  energy_max  flux68(TeV cm-2 s-1)  flux68_error_plus  flux68_error_minus  flux95_uplimit  significance  TS  TS_up-TS  TS_low-TS
# index: 0 dust2D
1.000000e+01 3.981072e+00 2.511886e+01 1.740379e-12     NaN          NaN      4.975349e-10    -0.06    -0.00    -4.00     0.00
3.981072e+01 2.511886e+01 6.309573e+01 7.342012e-11     NaN          NaN      2.337719e-10     0.93     0.86    -4.00    -0.86
1.000000e+02 6.309573e+01 1.584893e+02 8.708885e-12     NaN          NaN      3.413862e-11     0.70     0.48    -4.00    -0.47
2.511886e+02 1.584893e+02 3.981072e+02 5.676077e-12     NaN          NaN      1.665366e-11     1.16     1.34    -4.00    -1.31
6.309573e+02 3.981072e+02 1.000000e+03 9.954754e-13     NaN          NaN      1.909111e-11     0.31     0.09   -13.77    -0.09
1.584893e+03 1.000000e+03 2.511886e+03 3.200126e-14     NaN          NaN      8.962606e-12     0.00     0.00    -4.00     0.00


