# energy(TeV)  energy_min  energy_max  flux68(TeV cm-2 s-1)  flux68_error_plus  flux68_error_minus  flux95_uplimit  significance  TS  TS_up-TS  TS_low-TS
# index: 0 dust2D
1.000000e+01 3.981072e+00 2.511886e+01 3.412667e-12     NaN          NaN      4.215669e-12    -4.11   -16.92    -4.00     0.00
3.981072e+01 2.511886e+01 6.309573e+01 5.675169e-11 5.320564e-11 6.030640e-11     NaN         16.66   277.58    -1.00    -1.00
1.000000e+02 6.309573e+01 1.584893e+02 1.706778e-11 1.555088e-11 1.860019e-11     NaN         12.05   145.10    -1.00    -1.00
2.511886e+02 1.584893e+02 3.981072e+02 5.170286e-12 4.280570e-12 6.090200e-12     NaN          6.47    41.89    -1.00    -1.00
6.309573e+02 3.981072e+02 1.000000e+03 5.471003e-13     NaN          NaN      1.811432e-12     1.04     1.09    -4.00    -1.02
1.584893e+03 1.000000e+03 2.511886e+03 6.945614e-13     NaN          NaN      2.109141e-12     1.66     2.74    -4.00    -2.69


