# energy(TeV)  energy_min  energy_max  flux68(TeV cm-2 s-1)  flux68_error_plus  flux68_error_minus  flux95_uplimit  significance  TS  TS_up-TS  TS_low-TS
# index: 0 dust2D
1.000000e+01 3.981072e+00 2.511886e+01 2.031614e-12     NaN          NaN      2.755541e-12    -3.34   -11.14    -4.00     0.00
3.981072e+01 2.511886e+01 6.309573e+01 3.882600e-11 3.640757e-11 4.124641e-11     NaN         16.68   278.18    -1.00    -1.00
1.000000e+02 6.309573e+01 1.584893e+02 1.315177e-11 1.194307e-11 1.437418e-11     NaN         11.61   134.71    -1.00    -1.00
2.511886e+02 1.584893e+02 3.981072e+02 3.263360e-12 2.522254e-12 4.031648e-12     NaN          4.74    22.43    -1.00    -1.00
6.309573e+02 3.981072e+02 1.000000e+03 1.268391e-12 6.740889e-13 1.913561e-12     NaN          2.30     5.28    -1.00    -1.00
1.584893e+03 1.000000e+03 2.511886e+03 6.707327e-13     NaN          NaN      2.071655e-12     1.39     1.93    -4.00    -1.90


