# energy(TeV)  energy_min  energy_max  flux68(TeV cm-2 s-1)  flux68_error_plus  flux68_error_minus  flux95_uplimit  significance  TS  TS_up-TS  TS_low-TS
# index: 0 dust2D
1.000000e+01 3.981072e+00 2.511886e+01 1.093771e-12     NaN          NaN      1.681503e-12    -2.72    -7.42    -4.00    -0.00
3.981072e+01 2.511886e+01 6.309573e+01 3.114940e-11 2.852364e-11 3.376521e-11     NaN         12.24   149.90    -1.00    -1.00
1.000000e+02 6.309573e+01 1.584893e+02 1.438811e-11 1.307992e-11 1.571280e-11     NaN         11.84   140.20    -1.00    -1.00
2.511886e+02 1.584893e+02 3.981072e+02 6.034575e-12 5.162543e-12 6.937890e-12     NaN          7.92    62.78    -1.00    -1.00
6.309573e+02 3.981072e+02 1.000000e+03 1.870076e-12 1.193235e-12 2.617439e-12     NaN          3.11     9.66    -1.00    -1.00
1.584893e+03 1.000000e+03 2.511886e+03 1.911886e-12 1.136500e-12 2.847927e-12     NaN          3.13     9.79    -1.00    -1.00


