# energy(TeV)  energy_min  energy_max  flux68(TeV cm-2 s-1)  flux68_error_plus  flux68_error_minus  flux95_uplimit  significance  TS  TS_up-TS  TS_low-TS
# index: 0 dust2D
1.000000e+01 3.981072e+00 2.511886e+01 1.258966e-12     NaN          NaN      1.712805e-12    -3.33   -11.07    -4.00     0.00
3.981072e+01 2.511886e+01 6.309573e+01 2.642070e-11 2.338445e-11 2.946944e-11     NaN          8.85    78.40    -1.00    -1.00
1.000000e+02 6.309573e+01 1.584893e+02 1.331240e-11 1.179863e-11 1.484297e-11     NaN          9.23    85.26    -1.00    -1.00
2.511886e+02 1.584893e+02 3.981072e+02 4.922931e-12 3.950191e-12 5.929765e-12     NaN          5.50    30.23    -1.00    -1.00
6.309573e+02 3.981072e+02 1.000000e+03 3.186792e-13     NaN          NaN      1.938023e-12     0.44     0.20    -4.00    -0.18
1.584893e+03 1.000000e+03 2.511886e+03 5.594743e-13     NaN          NaN      2.436289e-12     0.89     0.79    -4.00    -0.77


