# energy(TeV)  energy_min  energy_max  flux68(TeV cm-2 s-1)  flux68_error_plus  flux68_error_minus  flux95_uplimit  significance  TS  TS_up-TS  TS_low-TS
# index: 0 dust2D
1.000000e+01 3.981072e+00 2.511886e+01 2.228188e-12     NaN          NaN      5.641852e-11    -0.40    -0.16    -4.00     0.00
3.981072e+01 2.511886e+01 6.309573e+01 4.010325e-13     NaN          NaN      1.102616e-10    -0.09    -0.01    -4.00     0.00
1.000000e+02 6.309573e+01 1.584893e+02 1.533898e-11 7.624503e-12 2.327237e-11     NaN          2.02     4.07    -1.00    -1.00
2.511886e+02 1.584893e+02 3.981072e+02 5.329224e-12     NaN          NaN      1.298146e-11     1.67     2.78    -4.00    -2.73
6.309573e+02 3.981072e+02 1.000000e+03 3.692290e-13     NaN          NaN      5.876053e-12     0.19     0.04    -4.00    -0.03
1.584893e+03 1.000000e+03 2.511886e+03 4.133651e-15     NaN          NaN      5.531174e-12    -0.04    -0.00    -4.00     0.00


