# energy(TeV)  energy_min  energy_max  flux68(TeV cm-2 s-1)  flux68_error_plus  flux68_error_minus  flux95_uplimit  significance  TS  TS_up-TS  TS_low-TS
# index: 0 dust2D
1.000000e+01 3.981072e+00 2.511886e+01 5.942075e-13     NaN          NaN      9.542725e-13    -2.50    -6.27    -4.00     0.00
3.981072e+01 2.511886e+01 6.309573e+01 1.829920e-11 1.470866e-11 2.185084e-11     NaN          5.17    26.68    -1.00    -1.00
1.000000e+02 6.309573e+01 1.584893e+02 8.690767e-12 6.906574e-12 1.048990e-11     NaN          4.97    24.71    -1.00    -1.00
2.511886e+02 1.584893e+02 3.981072e+02 5.124435e-12 3.918328e-12 6.364839e-12     NaN          4.47    19.96    -1.00    -1.00
6.309573e+02 3.981072e+02 1.000000e+03 1.420761e-12     NaN          NaN      3.537702e-12     1.54     2.38    -4.00    -2.31
1.584893e+03 1.000000e+03 2.511886e+03 8.891617e-14     NaN          NaN      3.355523e-12     0.12     0.01    -9.26    -0.01


