# energy(TeV)  energy_min  energy_max  flux68(TeV cm-2 s-1)  flux68_error_plus  flux68_error_minus  flux95_uplimit  significance  TS  TS_up-TS  TS_low-TS
# index: 0 dust2D
1.000000e+01 3.981072e+00 2.511886e+01 1.529765e-12     NaN          NaN      1.951117e-12    -3.80   -14.46    -4.00     0.00
3.981072e+01 2.511886e+01 6.309573e+01 4.160016e-11 3.924250e-11 4.396537e-11     NaN         18.21   331.48    -1.00    -1.00
1.000000e+02 6.309573e+01 1.584893e+02 2.068622e-11 1.944729e-11 2.193579e-11     NaN         18.06   326.21    -1.00    -1.00
2.511886e+02 1.584893e+02 3.981072e+02 8.346130e-12 7.484134e-12 9.220175e-12     NaN         11.10   123.18    -1.00    -1.00
6.309573e+02 3.981072e+02 1.000000e+03 2.536166e-12 1.848233e-12 3.271558e-12     NaN          4.13    17.09    -1.00    -1.00
1.584893e+03 1.000000e+03 2.511886e+03 4.883216e-13     NaN          NaN      1.832402e-12     0.98     0.96    -4.00    -0.89


