# energy(TeV)  energy_min  energy_max  flux68(TeV cm-2 s-1)  flux68_error_plus  flux68_error_minus  flux95_uplimit  significance  TS  TS_up-TS  TS_low-TS
# index: 0 dust2D
1.000000e+01 3.981072e+00 2.511886e+01 1.749983e-12     NaN          NaN      2.002401e-11    -0.34    -0.11    -4.00     0.00
3.981072e+01 2.511886e+01 6.309573e+01 4.157470e-11 3.827661e-11 4.488817e-11     NaN         12.88   165.79    -1.00    -1.00
1.000000e+02 6.309573e+01 1.584893e+02 1.456668e-11 1.304438e-11 1.610426e-11     NaN         10.04   100.77    -1.00    -1.00
2.511886e+02 1.584893e+02 3.981072e+02 5.351597e-12 4.434985e-12 6.297525e-12     NaN          6.39    40.78    -1.00    -1.00
6.309573e+02 3.981072e+02 1.000000e+03 3.198331e-12 2.405622e-12 4.054644e-12     NaN          4.70    22.09    -1.00    -1.00
1.584893e+03 1.000000e+03 2.511886e+03 1.734054e-13     NaN          NaN      1.631778e-12     0.33     0.11    -4.00    -0.10


