# energy(TeV)  energy_min  energy_max  flux68(TeV cm-2 s-1)  flux68_error_plus  flux68_error_minus  flux95_uplimit  significance  TS  TS_up-TS  TS_low-TS
# index: 0 dust2D
1.000000e+01 3.981072e+00 2.511886e+01 1.841415e-12     NaN          NaN      4.904741e-12    -1.54    -2.38    -4.00     0.00
3.981072e+01 2.511886e+01 6.309573e+01 3.205328e-11 2.663931e-11 3.738126e-11     NaN          6.03    36.32    -1.00    -1.00
1.000000e+02 6.309573e+01 1.584893e+02 1.521890e-11 1.287736e-11 1.758499e-11     NaN          6.70    44.92    -1.00    -1.00
2.511886e+02 1.584893e+02 3.981072e+02 4.797527e-12 3.527113e-12 6.112949e-12     NaN          3.99    15.89    -1.00    -1.00
6.309573e+02 3.981072e+02 1.000000e+03 1.405211e-14     NaN          NaN      1.907596e-12    -0.05    -0.00    -4.00     0.00
1.584893e+03 1.000000e+03 2.511886e+03 4.735511e-15     NaN          NaN      8.984605e-13    -0.14    -0.02    -4.00     0.00


