HII-region GLON GLAT Radius VLSR_ref Ref Peak e_Peak VLSR e_VLSR FWHM e_FWHM RMS S/N
G33.051-0.078 33.051 -0.078  466  93.8  8   6.8 0.2  95.3  0.3 26.3  0.8  0.43 15.9
G33.080+0.073 33.080  0.073  110  86.9  1   7.7 0.1  90.8  0.3 28.0  0.6  0.37 20.9
G33.176-0.015 33.176 -0.015  185 105.8 12  20.1 0.2 100.2  0.2 28.6  0.4  0.59 34.0
G33.205-0.012 33.205 -0.012   64 105.8 12  14.3 0.2 101.1  0.2 27.3  0.4  0.46 31.1
G33.263+0.067 33.263  0.067   42  98.3  1   2.0 0.1 103.5  0.8 23.8  1.8  0.31  6.5
G33.419-0.004 33.419 -0.004   60  76.5  8   8.9 0.2  73.6  0.9 36.3  1.9  0.56 16.1
G33.643-0.228 33.643 -0.228   42 102.9  1   2.9 0.1 104.1  0.5 21.1  1.2  0.31  9.5
G33.715-0.415 33.715 -0.415   89  53.3  1   3.5 0.2  53.0  0.5 17.5  1.1  0.37  9.4
G33.753-0.063 33.753 -0.063   42 101.7  1   5.3 0.1 100.2  0.3 22.5  0.7  0.32 16.5
G33.809-0.190 33.809 -0.190   60  40.3 12   4.6 0.1  46.2  0.3 22.8  0.7  0.27 16.9
G33.810-0.185 33.810 -0.185   17  40.3 12   5.5 0.2  47.4  0.3 22.5  0.8  0.38 14.5
G33.813-0.149 33.813 -0.149   60  50.0  1   4.0 0.1  49.5  0.3 18.4  0.7  0.25 16.0
G33.882+0.057 33.882  0.057   42  40.8  1   2.6 0.1  41.8  0.7 25.8  1.6  0.33  8.0
G33.884+0.058 33.884  0.058   20  40.8  1   2.6 0.1  41.8  0.7 25.8  1.6  0.33  8.0
G33.915+0.108 33.915  0.108   73  99.0  5   2.3 0.1  94.7  0.7 27.4  1.7  0.30  7.6
G33.942-0.039 33.942 -0.039  118  57.2  9  13.3 0.2  60.2  0.2 27.4  0.6  0.59 22.7
G33.988-0.011 33.988 -0.011   23  38.3  1   3.5 0.2  37.7  0.7 15.6  1.4  0.28 12.5
G33.988-0.011 33.988 -0.011   23  55.8  1   6.7 0.2  56.7  0.4 18.5  0.9  0.28 23.8
G33.991-0.004 33.991 -0.004   23  38.3  1   3.5 0.2  37.7  0.7 15.6  1.4  0.28 12.5
G33.991-0.004 33.991 -0.004   23  55.8  1   6.7 0.2  56.7  0.4 18.5  0.9  0.28 23.8
G34.026-0.058 34.026 -0.058  133  56.3  1  15.0 0.2  55.7  0.1 15.6  0.3  0.31 47.8
G34.041+0.053 34.041  0.053   42  36.4  1   6.3 0.2  36.9  0.6 18.5  1.2  0.34 18.7
G34.047+0.141 34.047  0.141   42  51.5  2   0.5 0.1  54.5  0.9 10.9  2.1  0.14  3.8
G34.089+0.438 34.089  0.438   65  32.6 12   2.1 0.1  34.7  0.6 23.4  1.4  0.24  8.4
G34.105-0.046 34.105 -0.046   56  49.0  2   7.1 0.2  51.9  0.4 15.8  0.7  0.28 25.6
G34.133+0.471 34.133  0.471   42  34.6  1   2.4 0.2  33.8  0.9 23.4  2.1  0.41  5.7
G34.158+0.148 34.158  0.148  213  57.3  1  14.1 0.2  57.4  0.1 18.2  0.3  0.40 34.8
G34.256+0.136 34.256  0.136  101  53.1  6  52.1 0.4  51.9  0.1 32.7  0.3  1.06 49.0
G34.333+0.213 34.333  0.213  147  62.9  1  13.1 0.2  62.9  0.1 17.6  0.3  0.38 34.4
G34.404+0.228 34.404  0.228   60  60.1 12   7.2 0.2  60.3  0.2 13.8  0.4  0.29 24.6
G34.423-0.181 34.423 -0.181  412  46.7  4   0.9 0.1  48.2  0.7 16.4  1.7  0.15  5.8
G34.423-0.181 34.423 -0.181  412  73.7  4   1.9 0.4  75.2  0.5 10.0  1.2  0.15 12.9
G34.423-0.181 34.423 -0.181  412  82.9  4   2.9 0.1  87.2  1.0 18.0  1.7  0.15 19.1
G34.444+0.104 34.444  0.104  202  61.5  4  12.5 0.2  61.6  0.1 15.6  0.2  0.29 43.3
G34.444+0.104 34.444  0.104  202  82.9  4   1.7 0.2  85.7  0.4  6.2  1.0  0.29  6.1
G34.542+0.062 34.542  0.062  105  50.0  2   5.5 0.3  48.1  1.2 18.7  1.7  0.25 22.1
G34.550-1.110 34.550 -1.110  776  44.7  8   9.8 0.2  46.9  0.2 18.4  0.4  0.35 28.3
G34.591+0.244 34.591  0.244   60 -19.4  7   1.2 0.1 -18.2  0.9 15.1  2.1  0.27  4.6
G34.686+0.068 34.686  0.068   42  52.0  1   4.6 0.3  52.0  1.0 28.1  1.0  0.24 18.8
G34.757+0.022 34.757  0.022   60  86.1  3   5.2 0.1  84.9  0.3 23.1  0.8  0.26 19.9
G34.757-0.668 34.757 -0.668  401  52.1  8  17.4 0.2  49.2  0.1 19.9  0.2  0.36 48.2
G34.925-0.082 34.925 -0.082  300  47.2  1  11.5 0.2  49.4  0.1 20.9  0.3  0.35 32.7
G34.940+0.074 34.940  0.074  346  45.6  8   4.7 1.5  45.6  4.9 23.7  4.5  0.19 24.7
G34.997+0.331 34.997  0.331  158  57.2 12   6.9 0.2  56.8  0.3 19.0  0.7  0.35 19.8
G35.040-0.500 35.040 -0.500  133  48.0 12  18.8 0.3  51.2  0.2 22.4  0.4  0.64 29.5
G35.051-0.520 35.051 -0.520   52  48.0 12  18.8 0.3  51.2  0.2 22.4  0.4  0.64 29.5
G35.064+0.330 35.064  0.330  158  57.2 12   6.0 0.9  54.4  0.3 14.3  1.1  0.25 23.6
G35.076-1.518 35.076 -1.518  495  44.8  8  16.2 0.2  44.1  0.1 18.9  0.3  0.41 39.9
G35.099-0.243 35.099 -0.243   60  53.4  7   2.3 0.2  45.0  0.7 19.8  1.6  0.34  6.7
G35.126-0.754 35.126 -0.754  169  34.5  2   2.7 0.1  38.0  0.7 26.2  1.6  0.34  8.0
G35.187+0.893 35.187  0.893  972  76.1  9   3.8 0.1  84.5  0.2 17.0  0.6  0.22 17.3
G35.197-1.756 35.197 -1.756  360  46.0  6  40.9 0.5  45.3  0.1 13.5  0.2  0.89 45.9
G35.244-1.750 35.244 -1.750  124  46.0  6   8.7 0.2  42.3  0.2 23.4  0.5  0.37 23.4
G35.259+0.119 35.259  0.119   42  38.1  1   0.9 0.2  45.0  2.5 10.4  4.7  0.23  3.8
G35.350+0.005 35.350  0.005  166  54.9  4   6.1 0.1  54.1  0.2 21.2  0.6  0.32 19.1
G35.381-1.855 35.381 -1.855  373  46.7  8   9.6 0.2  45.8  0.2 19.9  0.4  0.37 25.6
G35.430-0.260 35.430 -0.260   72  55.0  1   2.6 0.2  53.5  0.6 18.7  1.5  0.37  7.1
G35.467+0.004 35.467  0.004  116  58.6  1   8.6 0.2  57.4  0.2 19.9  0.5  0.32 26.9
G35.468+0.139 35.468  0.139   88  80.9 12   1.4 0.2  90.9  0.9 13.6  2.2  0.35  4.0
G35.543+0.007 35.543  0.007   68  57.5  1   9.1 0.1  56.5  0.2 26.4  0.4  0.25 36.2
G35.560-0.823 35.560 -0.823  876  60.7  8   7.3 0.1  59.2  0.2 18.9  0.4  0.30 24.4
G35.571+0.072 35.571  0.072   60  47.6  5  11.1 0.1  52.3  0.2 24.9  0.4  0.31 35.7
G35.579+0.066 35.579  0.066   16  47.6  5  11.1 0.1  52.3  0.2 24.9  0.4  0.31 35.7
G35.577-0.031 35.577 -0.031   38  52.5 12  25.5 0.2  50.8  0.2 24.7  0.4  0.39 65.6
G35.624-0.197 35.624 -0.197  242  48.7  4   7.7 0.1  49.1  0.1 17.5  0.3  0.20 38.9
G35.650-0.052 35.650 -0.052  332  51.9 12  23.8 0.2  51.4  0.2 31.1  0.4  0.66 36.2
G35.949-0.148 35.949 -0.148   42  50.9  1   0.9 0.3  55.5  0.6  4.1  1.5  0.26  3.5
G36.193-0.171 36.193 -0.171  229  82.6  1   4.0 0.1  83.2  0.2 16.4  0.6  0.22 17.7
G36.268+0.481 36.268  0.481  287  73.3  4   5.9 0.1  74.1  0.2 17.3  0.4  0.25 23.9
G36.268+0.698 36.268  0.698  359  76.5  8  16.4 0.2  75.9  0.1 16.9  0.2  0.30 54.8
G36.344+0.040 36.344  0.040  152  76.9  7   2.8 0.1  78.1  0.7 31.9  1.7  0.35  8.0
G36.348-1.661 36.348 -1.661  937  63.5  8   7.8 0.1  63.0  0.2 20.5  0.4  0.30 26.1
G36.405+0.022 36.405  0.022   60  53.3 12   2.3 0.1  61.8  1.1 25.0  2.5  0.26  8.9
G36.459-0.183 36.459 -0.183  301  72.7  8  12.7 0.2  72.8  0.1 24.5  0.3  0.36 35.4
G36.620-0.556 36.620 -0.556  310  54.1  4   5.7 0.2  53.5  0.3 18.0  0.6  0.33 17.2
G36.870+0.462 36.870  0.462   42 -27.3  1   4.4 0.2 -27.2  0.4 20.3  1.0  0.40 11.0
G36.919+0.482 36.919  0.482   29 -34.1  1   3.3 0.2 -32.1  0.6 23.5  1.4  0.38  8.6
G36.993-0.230 36.993 -0.230   49  79.7  7  13.9 0.2  82.8  0.1 18.9  0.3  0.34 41.4
G37.029-0.024 37.029 -0.024  215  38.0  4   3.2 0.1  37.6  0.4 18.2  0.9  0.27 12.0
G37.029-0.024 37.029 -0.024  215  80.0  4   3.4 0.1  80.7  0.3 15.9  0.8  0.27 12.5
G37.029-0.202 37.029 -0.202  420  81.3  9  15.6 0.2  81.0  0.1 16.7  0.3  0.42 37.2
G37.032+0.139 37.032  0.139  220  41.0  1   3.3 0.1  39.6  0.4 20.6  0.9  0.27 12.3
G37.032+0.139 37.032  0.139  220  82.2  1   1.1 0.2  78.4  1.0 14.3  2.3  0.27  4.0
G37.176-0.439 37.176 -0.439  163  36.1  9   9.1 0.1  36.8  0.1 19.6  0.3  0.22 40.6
G37.200-0.430 37.200 -0.430   60  38.0 12   9.9 0.2  36.0  0.1 19.7  0.4  0.32 30.8
G37.259-0.083 37.259 -0.083   81  40.8  1   1.8 0.4  36.3  2.0 20.7  3.5  0.33  5.5
G37.278-0.226 37.278 -0.226   78  41.8  2   7.4 0.2  40.2  0.2 17.3  0.6  0.40 18.4
G37.344+0.684 37.344  0.684   60  45.6  9   4.9 0.2  46.8  0.3 18.8  0.7  0.31 15.5
G37.347-0.146 37.347 -0.146  594  53.2  8   1.8 0.3  59.5  5.8 24.8 16.8  0.21  8.7
G37.363-0.234 37.363 -0.234  129  39.4 12  14.2 0.2  40.0  0.2 24.6  0.5  0.57 24.9
G37.370-0.367 37.370 -0.367  700  44.1  1   0.7 0.0  39.5  0.8 27.6  2.0  0.10  6.8
G37.446-0.211 37.446 -0.211  124  63.9  1  11.4 0.2  64.8  0.6 30.8  1.2  0.48 23.5
G37.469-0.104 37.469 -0.104   41  58.7  7  11.8 0.1  60.4  0.2 32.8  0.4  0.35 34.0
G37.485+0.513 37.485  0.513   42   4.1  1   1.0 0.2   8.5  1.1 14.0  2.7  0.30  3.5
G37.498+0.530 37.498  0.530   60  11.6  7   0.5 0.1   9.1  1.1 13.0  2.5  0.14  3.6
G37.544-0.114 37.544 -0.114  108  48.9 12  18.8 0.2  50.7  0.2 30.9  0.5  0.65 28.9
G37.642-0.112 37.642 -0.112  233  52.3  8  22.5 0.2  49.6  0.1 28.4  0.3  0.39 57.8
G37.678+0.156 37.678  0.156  195  88.9  8  21.6 0.2  88.1  0.1 21.1  0.3  0.53 40.8
G37.751-0.110 37.751 -0.110   60  49.7 12  11.6 0.2  50.8  0.2 27.9  0.6  0.45 25.6
G37.763-0.211 37.763 -0.211  132  65.8 11  39.1 0.3  64.6  0.2 29.7  0.4  0.76 51.1
G37.816-0.379 37.816 -0.379   42  63.9  1  11.9 0.2  61.4  0.2 22.2  0.4  0.38 31.6
G37.838-0.509 37.838 -0.509  203  62.8  4   7.6 0.1  62.8  0.3 20.7  0.7  0.31 24.4
G37.868-0.601 37.868 -0.601   83  47.7  1   2.7 0.2  49.8  0.8 22.7  1.8  0.42  6.5
G37.872-0.398 37.872 -0.398   60  59.2 11  18.5 0.2  59.7  0.1 29.7  0.3  0.48 38.8
G37.873-0.257 37.873 -0.257  459  60.5  2  13.8 0.2  57.9  0.2 29.9  0.5  0.52 26.3
G38.045-0.034 38.045 -0.034  127  58.3  8  11.6 0.2  55.7  0.2 31.0  0.6  0.46 25.0
G38.121-0.226 38.121 -0.226   42  83.8  1   2.2 0.1  82.6  0.5 14.7  1.3  0.27  8.1
G38.124+1.661 38.124  1.661  881  39.7  2   3.1 0.1  41.7  0.4 23.9  0.9  0.22 13.9
G38.353-0.134 38.353 -0.134   77  70.5  7   2.3 1.0  65.4  1.1  7.6  3.3  0.60  3.8
G38.365-0.062 38.365 -0.062  868  58.9  9   5.9 0.2  57.8  0.9 24.8  1.8  0.42 14.3
G38.365-0.062 38.365 -0.062  868  83.7  9   4.1 0.3  81.7  1.1 19.3  1.9  0.42  9.9
G38.550+0.163 38.550  0.163   42  26.4  1   1.2 0.2  29.6  1.2 19.3  2.9  0.34  3.7
G38.643-0.227 38.643 -0.227   42  63.8  1   0.9 0.1  70.8  0.9 15.2  2.1  0.15  5.6
G38.652+0.087 38.652  0.087   42 -40.0  1   2.0 0.2 -37.3  0.9 18.5  2.2  0.40  4.9
G38.738-0.140 38.738 -0.140  105  60.9  1   2.7 0.1  59.3  0.6 26.0  1.5  0.33  8.2
G38.840+0.495 38.840  0.495   84 -43.2  1   1.5 0.1 -42.8  0.8 18.6  1.8  0.26  5.9
G38.861-0.134 38.861 -0.134  147  64.5  1   6.5 0.2  65.3  0.3 23.2  0.7  0.38 17.1
G38.926-0.389 38.926 -0.389   79  42.1  1   0.8 0.1  47.8  0.8 14.7  2.0  0.17  4.8
G38.978-0.268 38.978 -0.268   60  51.5  2   1.5 0.1  55.2  0.6 18.6  1.3  0.20  7.9
G39.171-0.037 39.171 -0.037  157  18.5  1   2.4 0.1  19.9  0.4 15.7  0.9  0.23 10.6
G39.176-0.398 39.176 -0.398  114  55.5  1   5.7 0.2  56.5  0.3 22.7  0.8  0.38 15.0
G39.196+0.225 39.196  0.225   60 -21.6  7   0.5 0.1 -24.8  1.1 15.3  2.5  0.13  3.8
G39.225-0.053 39.225 -0.053   42  20.2  1   6.9 0.1  20.9  0.2 20.7  0.5  0.28 24.9
G39.249-0.063 39.249 -0.063   60  23.0 12  13.5 0.2  20.8  0.2 22.5  0.4  0.50 27.3
G39.295-0.311 39.295 -0.311  357  53.7  4   2.7 1.0  54.2  3.5 31.4  2.7  0.28  9.8
G39.389-0.143 39.389 -0.143   35  17.3  2   1.2 0.1  18.5  0.7 13.8  1.6  0.21  5.6
G39.516+0.512 39.516  0.512  514 -30.8  4   1.6 0.1 -31.1  0.7 20.9  1.6  0.23  7.1
G39.545-0.366 39.545 -0.366   55  55.2  1   0.9 3.5  62.7 24.0 16.0 16.1  0.16  5.4
G39.607-0.021 39.607 -0.021   76   8.3  2   0.4 0.1  11.3  2.2 12.4  4.6  0.12  3.5
G39.630-0.106 39.630 -0.106  268  27.9  9   4.5 0.1  27.8  0.3 23.2  0.6  0.23 19.3
G39.673-0.458 39.673 -0.458   42  14.7  7   1.9 0.1  18.6  0.7 21.3  1.7  0.29  6.5
G39.728-0.396 39.728 -0.396   67  58.3  1   2.3 0.1  61.2  0.5 25.6  1.2  0.22 10.5
G39.856-0.184 39.856 -0.184  155  60.0  1   4.7 0.1  60.3  0.2 23.0  0.5  0.20 23.8
G39.865+0.646 39.865  0.646   68 -40.9  1   1.3 0.1 -31.0  1.0 20.6  2.5  0.28  4.4
G39.874-0.176 39.874 -0.176   53  60.0  1   6.0 0.2  60.0  0.3 23.6  0.7  0.36 16.8
G39.888-1.272 39.888 -1.272   63  44.3  8   4.1 0.1  46.9  0.4 21.6  0.9  0.32 12.7
G39.901-1.321 39.901 -1.321  343  44.3  8   6.8 0.1  43.7  0.2 22.3  0.5  0.31 22.2
G39.925-0.378 39.925 -0.378   72  68.6  1   0.4 0.1  77.5  1.0 11.3  2.3  0.10  3.7
G40.141+1.577 40.141  1.577  517  27.5  2   1.9 0.2  34.5  0.7 16.1  1.8  0.34  5.4
G40.430+0.698 40.430  0.698   56  20.1 12   0.5 0.1  10.3  0.9 12.5  2.0  0.12  4.4
G40.798-0.131 40.798 -0.131  316  67.2  1   6.0 0.2  66.9  0.3 22.6  0.7  0.37 16.3
G40.855-0.224 40.855 -0.224  221  19.7  2   2.2 0.2  20.3  0.6 14.7  1.4  0.30  7.2
G40.855-0.224 40.855 -0.224  221  55.5  2   1.9 0.1  63.1  0.9 24.7  2.1  0.30  6.1
G40.966-0.620 40.966 -0.620  355  60.9  8   2.9 0.1  57.8  0.4 19.6  0.9  0.13 22.5
G41.075-0.161 41.075 -0.161  440  59.4  8  12.4 0.2  61.1  0.2 26.2  0.5  0.49 25.4
G41.129+0.113 41.129  0.113  106  62.6  7   1.0 0.1  60.5  1.0 13.6  2.4  0.26  3.7
G41.129-0.558 41.129 -0.558   87  65.5  7   1.3 0.1  68.6  0.9 22.7  2.2  0.26  5.2
G41.235+0.367 41.235  0.367  249  71.3  8  12.3 0.2  72.6  0.2 21.6  0.4  0.40 30.8
G41.246-0.168 41.246 -0.168  125  56.9  1   7.4 0.2  57.9  0.3 20.2  0.6  0.41 18.0
G41.376+0.032 41.376  0.032   24  59.5  1   1.6 0.2  60.0  1.0 20.8  2.4  0.34  4.8
G41.382+0.038 41.382  0.038   24  59.5  1   1.6 0.2  60.0  1.0 20.8  2.4  0.34  4.8
G41.512+0.022 41.512  0.022   86  17.7  8  14.6 0.2  14.1  0.1 19.3  0.3  0.38 38.3
G41.517-0.141 41.517 -0.141  109  57.9  1  11.0 0.2  59.4  0.2 27.2  0.4  0.38 29.0
G41.725-0.004 41.725 -0.004   65  45.2  7   1.0 0.1  51.4  1.2 18.1  2.9  0.29  3.6
G41.750+0.035 41.750  0.035  121  45.5  2   0.7 0.1  48.6  1.1 17.2  2.7  0.17  3.8
G41.763+1.480 41.763  1.480  268 -54.8  2   0.7 0.2 -58.0  0.5  3.4  1.4  0.17  4.1
G41.881+0.493 41.881  0.493   50  16.1  7   4.0 0.1  22.8  0.3 19.9  0.8  0.31 13.0
G41.928-0.125 41.928 -0.125  194  18.1  9   4.1 0.2  17.3  0.4 24.8  1.1  0.36 11.6
G41.929+0.030 41.929  0.030  150  20.7  1   5.2 0.2  19.4  0.4 22.0  0.9  0.42 12.4
G42.008+0.353 42.008  0.353   91 -40.3  1   0.5 0.1 -44.7  1.0 12.3  2.4  0.15  3.7
G42.065+0.244 42.065  0.244  345  17.0  1   4.1 0.2  13.4  0.3 15.3  0.8  0.34 12.0
G42.104-0.623 42.104 -0.623  202  66.0  8  26.8 0.2  65.7  0.1 23.1  0.3  0.57 47.2
G42.111-0.444 42.111 -0.444   60  53.4 12   1.4 1.9  57.9 18.0 21.1 15.8  0.19  7.0
G42.137-0.079 42.137 -0.079  188  41.4  1   1.3 0.1  47.8  0.7 16.6  1.7  0.23  5.7
G42.186-0.217 42.186 -0.217  225  29.2  4   3.1 0.2  28.6  0.4 14.7  1.0  0.32  9.5
G42.204+0.038 42.204  0.038  235  57.5  9   7.5 0.1  56.3  0.2 23.6  0.5  0.28 26.4
G42.217-0.579 42.217 -0.579  270  72.0  1   5.5 0.1  71.8  0.2 22.5  0.5  0.26 21.4
G42.390-0.381 42.390 -0.381  225  65.0  9  13.5 0.1  64.9  0.1 18.6  0.2  0.28 48.0
G42.434-0.275 42.434 -0.275  175  61.5 12   8.3 0.1  64.6  0.1 23.2  0.3  0.23 36.3
G42.563-0.107 42.563 -0.107  388  67.2  8  11.7 0.1  68.5  0.1 21.7  0.3  0.25 46.8
G43.100-0.502 43.100 -0.502   60  53.1  7   5.7 0.1  55.2  0.2 22.7  0.5  0.23 25.2
G43.149+0.029 43.149  0.029   35   8.6 10  40.5 0.5   7.8  0.2 26.8  0.4  1.25 32.4
G43.154-0.039 43.154 -0.039   35   8.6 10  73.3 0.6  10.6  0.1 27.5  0.3  1.53 47.8
G43.166-0.030 43.166 -0.030   35   8.6 10  97.1 1.0  10.8  0.1 27.6  0.3  2.49 38.9
G43.171-0.003 43.171 -0.003  204   8.6 10 181.3 1.5   8.9  0.1 28.2  0.3  3.88 46.8
G43.176-0.518 43.176 -0.518   41  59.1 12   7.3 0.1  56.1  0.2 24.0  0.5  0.28 26.0
G43.183-0.026 43.183 -0.026   35   8.6 10  97.1 1.0  10.8  0.1 27.6  0.3  2.49 38.9
G43.186-0.525 43.186 -0.525   60  59.1 12   7.1 0.1  56.3  0.2 22.8  0.4  0.23 31.1
G43.238-0.044 43.238 -0.044   60   9.4 12  21.2 0.2   9.9  0.1 23.9  0.3  0.49 43.3
G43.240+0.131 43.240  0.131   42  12.3  1   1.7 0.2  10.8  0.8 16.7  1.8  0.31  5.5
G43.432+0.517 43.432  0.517   74 -12.8  1   3.0 0.2 -16.0  1.1 17.0  1.9  0.30 10.0
G43.523-0.648 43.523 -0.648   88  55.4  1   0.3 0.1  61.9  0.9 10.6  2.1  0.08  3.8
G43.730+0.115 43.730  0.115  128  73.1  7   3.4 0.1  71.0  0.4 23.1  0.9  0.27 12.4
G43.774+0.058 43.774  0.058  151  70.5  1   4.8 0.1  70.4  0.3 21.1  0.7  0.30 15.8
G43.818+0.395 43.818  0.395  108 -10.5  1   4.6 0.1 -11.2  0.4 28.0  0.9  0.31 15.0
G43.890-0.780 43.890 -0.780   60  53.4  5   3.1 0.1  53.6  0.5 22.6  1.2  0.32  9.7
G43.895+0.198 43.895  0.198  168 -38.1  1   0.4 0.1 -41.5  0.8 11.1  2.0  0.09  4.3
G44.095-0.014 44.095 -0.014  109  66.6  2   5.7 0.1  67.1  0.2 19.6  0.5  0.29 19.9
G44.225+0.085 44.225  0.085  319  59.6  8  11.1 0.2  62.2  0.2 23.7  0.4  0.36 30.7
G44.332-0.837 44.332 -0.837  170  62.5  1   2.7 0.1  60.7  0.4 17.3  0.9  0.24 11.1
G44.375-0.076 44.375 -0.076  254  56.7  4   1.6 0.1  58.8  0.8 20.5  1.9  0.28  5.8
G44.379-0.327 44.379 -0.327  302  61.1  1   4.1 0.1  61.9  0.3 17.0  0.7  0.29 14.2
G44.418+0.536 44.418  0.536   84 -55.1  1   2.0 0.2 -55.3  0.8 20.7  1.8  0.33  6.1
G44.501+0.332 44.501  0.332   50 -43.0  1   5.1 0.1 -43.4  0.2 23.5  0.5  0.23 22.5
G44.521+0.385 44.521  0.385   42 -49.7  1   4.2 0.1 -45.8  0.4 22.1  0.8  0.31 13.7
G44.553-0.239 44.553 -0.239  227  58.4  1   1.7 0.1  58.7  0.5 16.8  1.1  0.18  9.3
G44.689-0.579 44.689 -0.579  127  41.9  1   0.7 0.1  47.5  0.8 15.3  1.8  0.13  5.2
G44.812-0.492 44.812 -0.492  274  44.8  8   4.6 0.1  48.7  0.2 25.9  0.5  0.20 23.7
G44.904-0.732 44.904 -0.732  131  65.6  1   2.4 0.1  63.6  0.4 19.0  0.9  0.21 11.5
G45.002-0.610 45.002 -0.610  350  61.3  7   3.3 0.1  63.2  0.2 22.3  0.6  0.16 20.2
G45.067+0.141 45.067  0.141   23  59.2  5   5.9 0.1  58.5  0.2 26.6  0.5  0.25 23.5
G45.070+0.132 45.070  0.132   60  59.2  5   7.0 0.1  58.2  0.2 26.9  0.6  0.31 22.8
G45.119+0.144 45.119  0.144   18  56.7  5  14.8 0.2  55.1  0.1 28.4  0.4  0.40 37.2
G45.122+0.133 45.122  0.133  100  56.7  5  15.8 0.3  54.6  0.3 28.6  0.6  0.73 21.6
G45.129+0.131 45.129  0.131    9  56.7  5  15.8 0.3  54.6  0.3 28.6  0.6  0.73 21.6
G45.132+0.128 45.132  0.128    7  56.7  5  15.8 0.3  54.6  0.3 28.6  0.6  0.73 21.6
G45.133+0.133 45.133  0.133    8  56.7  5  15.8 0.3  54.6  0.3 28.6  0.6  0.73 21.6
G45.133+0.146 45.133  0.146   36  56.7  5  14.8 0.2  55.1  0.1 28.4  0.4  0.40 37.2
G45.195-0.439 45.195 -0.439   77  72.9  1   0.8 0.1  71.6  0.9 26.3  2.2  0.15  5.6
G45.197+0.740 45.197  0.740   80 -35.0  1   2.1 0.1 -33.6  0.5 29.2  1.3  0.21 10.0
G45.391-0.724 45.391 -0.724  191  52.5  1  11.1 0.1  54.1  0.1 23.2  0.3  0.29 37.5
G45.453+0.045 45.453  0.045  244  54.2  6  33.8 0.3  56.1  0.1 27.3  0.2  0.66 51.5
G45.475+0.130 45.475  0.130  144  55.6 12  17.0 0.2  55.9  0.2 28.7  0.4  0.54 31.2
G45.503+0.496 45.503  0.496  111 -35.9  2   0.8 0.1 -38.7  1.0 13.3  2.3  0.21  3.8
G45.542-0.006 45.542 -0.006   42  55.0  1   8.8 0.1  54.2  0.2 26.2  0.5  0.32 27.4
G45.634-0.016 45.634 -0.016  106   9.2  1   0.8 0.2   6.7  0.7  6.9  1.7  0.23  3.7
G45.689-0.235 45.689 -0.235  240  19.1  7   1.3 0.1  14.7  0.8 17.0  1.9  0.24  5.4
G45.773-0.377 45.773 -0.377   85  51.0  7   1.0 0.1  56.9  1.0 19.3  2.4  0.21  4.5
G45.825-0.290 45.825 -0.290   71  61.2 12   9.3 0.1  58.6  0.2 24.3  0.4  0.31 30.4
G45.839-0.295 45.839 -0.295  168  61.2 12   9.3 0.1  58.6  0.2 24.3  0.4  0.31 30.4
G45.883-0.087 45.883 -0.087  286  62.4  4   2.3 0.2  65.0  0.5 14.0  1.2  0.30  7.7
G45.933-0.402 45.933 -0.402   60  63.9 12   1.5 0.1  62.7  0.5 17.8  1.2  0.17  8.9
G46.034-0.096 46.034 -0.096  183  63.5  4   1.9 0.1  63.8  0.9 25.1  2.2  0.33  5.8
G46.069+0.216 46.069  0.216   66  12.4  1   1.0 0.1  13.4  0.6 14.7  1.5  0.16  6.2
G46.088+0.255 46.088  0.255   25  13.4  7   2.0 0.2  14.1  0.6 14.6  1.4  0.30  6.5
G46.174+0.533 46.174  0.533   60   6.3  7   1.3 0.1   9.6  0.7 13.2  1.7  0.24  5.2
G46.203+0.532 46.203  0.532   42   4.6  1   0.8 0.1   8.7  0.9 17.1  2.2  0.17  4.6
G46.213+0.548 46.213  0.548   37   5.8  7   0.9 0.1   4.8  1.1 22.6  2.8  0.22  4.3
G46.495-0.240 46.495 -0.240  298  57.7  6  45.2 0.2  56.0  0.1 22.9  0.1  0.55 82.7
G46.948+0.371 46.948  0.371   65 -44.4  1   4.6 0.1 -43.7  0.3 27.8  0.8  0.27 17.1
G46.966+0.315 46.966  0.315  244 -41.7  4   3.4 0.1 -41.3  0.4 23.7  1.0  0.28 12.1
G47.028+0.216 47.028  0.216  122  56.9  1   3.5 0.1  58.3  0.3 23.7  0.7  0.21 17.2
G47.095+0.492 47.095  0.492   60 -54.5  7   0.4 0.1 -54.4  0.9 10.8  2.2  0.10  3.6
G47.100+0.480 47.100  0.480   60 -56.9  7   0.3 0.1 -53.8  0.9 11.0  2.2  0.09  3.6
G47.181+0.320 47.181  0.320  154  52.0  4   1.1 0.1  52.9  0.7 13.2  1.7  0.21  5.2
G47.294+0.271 47.294  0.271  152  59.9  4   0.5 0.1  59.9  0.9 15.6  2.2  0.12  4.3
G48.418+0.118 48.418  0.118   60  16.8  1   6.4 0.2  17.2  0.3 19.9  0.6  0.37 17.4
G48.456+0.124 48.456  0.124  126  16.6  2   7.6 0.2  18.3  0.2 18.7  0.5  0.35 21.7
G48.543+0.465 48.543  0.465  342   7.2  4   3.1 0.1   7.7  0.2 18.0  0.5  0.14 21.3
G48.548-0.005 48.548 -0.005   94  19.2  1  18.2 0.2  18.5  0.1 25.2  0.3  0.40 45.0
G48.599+0.045 48.599  0.045  235  18.1  5  56.2 0.3  18.3  0.1 25.6  0.2  0.74 75.9
G48.604+0.023 48.604  0.023   59  18.1  5  43.9 0.3  18.6  0.1 24.9  0.3  0.54 81.3
G48.630+0.230 48.630  0.230  276   9.4 12  18.1 0.1  10.2  0.1 21.2  0.1  0.23 80.4
G48.719+1.148 48.719  1.148   82 -28.5  2   0.7 0.1 -27.5  1.3 14.4  3.1  0.25  3.0
G48.834-0.036 48.834 -0.036  216  18.3  4   2.8 0.1  17.3  0.4 14.7  0.9  0.27 10.2
G48.834-0.036 48.834 -0.036  216  53.1  4   2.1 0.1  53.1  0.5 15.5  1.2  0.27  7.8
G48.923-0.284 48.923 -0.284  100  65.9 10 106.0 0.8  63.9  0.1 29.3  0.2  1.98 53.5
G49.003-0.302 49.003 -0.302  112  66.9 10 115.6 0.9  65.5  0.1 26.8  0.2  2.18 53.0
G49.052-0.254 49.052 -0.254  132  64.1  8 107.3 1.0  61.5  0.1 25.9  0.3  2.59 41.4
G49.078-0.375 49.078 -0.375   60  67.9  8  39.6 0.4  64.1  0.1 29.9  0.3  0.99 40.1
G49.163-0.066 49.163 -0.066  203  60.4  1  12.4 0.2  60.0  0.1 21.2  0.3  0.33 37.4
G49.201-0.365 49.201 -0.365  188  67.8 10  60.8 0.6  64.4  0.2 36.4  0.4  1.76 34.6
G49.384-0.298 49.384 -0.298   99  53.8 10 144.5 1.0  50.0  0.1 34.1  0.3  2.72 53.2
G49.400-0.489 49.400 -0.489   51  59.3  1  22.1 0.2  59.2  0.1 24.7  0.2  0.43 51.3
G49.407-0.193 49.407 -0.193  288  48.6  8  35.1 0.2  47.9  0.1 23.5  0.1  0.38 91.7
G49.428-0.464 49.428 -0.464  123  60.5  8  40.4 0.3  58.2  0.1 23.6  0.2  0.67 60.6
G49.485-0.390 49.485 -0.390  109  56.0  6 203.1 5.3  58.2  0.4 34.6  1.1 14.99 13.5
G49.490-0.377 49.490 -0.377   16  56.0  6 203.1 5.3  58.2  0.4 34.6  1.1 14.99 13.5
G49.501-0.524 49.501 -0.524  252  63.6  1  11.3 0.1  65.3  0.1 24.2  0.3  0.31 36.7
G49.589-0.369 49.589 -0.369  123  57.0 10  51.4 0.3  60.1  0.1 30.4  0.2  0.84 60.9
G49.593-0.455 49.593 -0.455  127  64.2  8  24.8 0.3  67.0  0.1 25.5  0.3  0.66 37.6
G49.691-0.166 49.691 -0.166  178  57.0  9  10.4 0.1  57.7  0.1 23.5  0.3  0.26 40.6
G49.733-0.633 49.733 -0.633  148  62.4  7   1.6 0.1  59.4  0.7 29.6  1.6  0.20  8.2
G49.828+0.366 49.828  0.366   66   4.4  1   5.0 0.2   5.2  0.4 20.8  0.8  0.38 13.1
G49.840+0.368 49.840  0.368   43   4.4  1   5.0 0.2   5.2  0.4 20.8  0.8  0.38 13.1
G49.997-0.129 49.997 -0.129  102  38.5  1   2.4 5.6  37.8 10.2 18.8  8.3  0.26  9.2
G49.998-0.086 49.998 -0.086  330  66.8  8  12.0 0.1  69.8  0.2 22.7  0.5  0.32 37.7
G50.033+0.606 50.033  0.606  139  -1.8  2   2.2 0.1  -0.7  0.2 17.3  0.6  0.12 18.1
G50.039-0.274 50.039 -0.274   82  60.9  7   0.6 0.1  62.4  1.1 16.0  2.6  0.15  3.8
G50.079+0.571 50.079  0.571  107  -1.1  1   1.7 0.1  -2.2  0.7 22.3  1.8  0.26  6.6
G50.137-0.659 50.137 -0.659  239  72.4  8  13.8 0.1  71.6  0.1 20.9  0.2  0.22 63.4
G50.263-0.409 50.263 -0.409   63  10.3 12   0.8 0.1  13.7  1.0 17.7  2.3  0.18  4.4
G50.288-0.391 50.288 -0.391   80  10.3 12   3.8 0.2  10.5  0.5 23.0  1.1  0.35 10.7
G50.298+0.674 50.298  0.674   71  26.4  5   2.6 0.1  27.5  0.4 21.6  0.9  0.21 12.2
G50.317-0.420 50.317 -0.420   91  10.3 12   0.8 0.1  11.4  1.1 15.4  2.7  0.22  3.7
G50.318+0.675 50.318  0.675   71  25.9 12   2.6 0.1  27.5  0.4 21.6  0.9  0.21 12.2
G50.489+0.993 50.489  0.993  161  57.1  7   0.3 0.1  58.0  1.0 10.0  2.5  0.10  3.1
G50.785+0.168 50.785  0.168   60  47.3  7   5.9 0.1  46.6  0.2 19.9  0.5  0.26 22.8
G51.010+0.060 51.010  0.060  999  42.2  9   3.2 1.9  47.0  1.2 16.3  3.8  0.30 10.8
G51.204-0.738 51.204 -0.738  406  44.3  9   4.0 0.1  43.9  0.3 29.5  0.7  0.21 18.6
G51.401-0.890 51.401 -0.890   97  72.8  7   0.4 0.1  74.4  1.0 15.4  2.3  0.10  4.2
G51.610-0.357 51.610 -0.357  264  41.1  1   2.3 0.1  47.0  0.4 25.0  0.9  0.17 13.9
G51.681-0.256 51.681 -0.256  120  60.4  1   4.8 0.1  59.4  0.3 25.2  0.6  0.25 19.1
G51.760+0.791 51.760  0.791  103   3.2  1  18.5 0.2   2.5  0.1 21.8  0.3  0.49 37.7
G51.779+0.714 51.779  0.714   73   0.6  1   7.1 0.1   1.7  0.2 22.6  0.5  0.32 22.3
G51.831+0.463 51.831  0.463  122   5.1  1   1.7 0.1  10.6  0.7 19.1  1.7  0.27  6.3
G52.098+1.042 52.098  1.042  122  36.3  1   0.7 0.1  34.9  1.2 22.8  3.0  0.18  3.9
G52.160+0.708 52.160  0.708   67   7.9  1   4.5 0.1   5.6  0.2 22.6  0.5  0.20 22.3
G52.175-0.567 52.175 -0.567  644  47.6  8  10.2 0.2  40.9  0.4 18.5  0.6  0.31 33.0
G52.201+0.752 52.201  0.752   76   8.7  7   9.3 0.1   3.3  0.2 24.8  0.5  0.35 26.7
G52.232+0.735 52.232  0.735   87  -3.0 12  12.9 0.1   1.3  0.1 25.1  0.3  0.31 41.8
G52.256+0.703 52.256  0.703  120   7.4  7   8.6 0.1   2.9  0.1 24.5  0.3  0.20 43.7
G52.398-0.590 52.398 -0.590  103  67.2  7   2.9 0.1  64.0  0.5 17.1  1.0  0.21 14.0
G52.538-0.946 52.538 -0.946  151  59.2  1   3.4 0.2  59.8  0.3 14.1  0.8  0.29 11.5
G52.751+0.335 52.751  0.335   60  11.2  6   1.8 0.2   9.9  0.7 17.5  1.8  0.31  5.8
G52.767+0.334 52.767  0.334   59  11.2  6   1.5 0.1   9.4  0.6 19.3  1.6  0.22  6.9
G52.799-0.534 52.799 -0.534  692  43.5  8   5.8 0.1  47.5  0.2 19.7  0.5  0.24 24.2
G52.981+0.134 52.981  0.134  152   1.8  1   3.1 0.1   5.2  0.3 18.0  0.7  0.22 14.2
G53.018+0.028 53.018  0.028   63   4.1  1   1.9 0.1   3.2  0.5 16.5  1.3  0.24  7.8
G53.095+0.212 53.095  0.212  321   1.1  1   2.8 0.1   2.5  0.4 20.9  1.0  0.25 11.5
G53.175+0.150 53.175  0.150  120   8.3  8  15.4 0.1   6.0  0.1 28.0  0.3  0.30 50.8
G53.188+0.210 53.188  0.210   53   5.3  1   3.6 0.1   0.0  0.3 29.0  0.8  0.21 17.5
G53.541-0.011 53.541 -0.011  254  23.9  1   5.3 0.2  25.4  0.6 29.6  1.4  0.52 10.1
G53.645+0.015 53.645  0.015   98  31.2 12   2.5 0.1  30.1  0.5 27.4  1.2  0.23 10.9
G53.822-0.057 53.822 -0.057   69  43.8  1   4.1 0.1  48.1  0.2 22.3  0.5  0.16 25.6
G53.933+1.325 53.933  1.325   61  29.7  2   0.5 0.1  33.3  1.2 12.8  2.9  0.15  3.0
G53.935+0.228 53.935  0.228 1243  38.0  8   0.9 0.0  30.7  0.5 30.2  1.1  0.07 12.7
G53.958+0.032 53.958  0.032   72  38.9  1   2.6 0.1  45.3  0.7 32.5  1.7  0.31  8.3
G54.099-0.068 54.099 -0.068  266  42.8 12  19.6 0.1  41.4  0.1 21.3  0.2  0.29 68.2
G54.449+1.012 54.449  1.012   72  30.2  2   3.0 0.1  33.1  0.4 19.4  1.0  0.28 10.8
G54.491+0.930 54.491  0.930  245  31.1  1   1.8 0.1  29.3  0.6 19.5  1.4  0.23  7.8
G54.779+0.862 54.779  0.862  150  41.1  1   1.8 0.1  40.9  0.4 18.2  1.0  0.18 10.2